 &PARAM
 NE      =   199,
 TEND    =   50,
 ZEX     =   5.243     ,
 Q1      =   1385     ,
 Q2      =   1385     ,
 Q3      =   50000    ,
 I1      =  0     ,
 I2      =  0     ,
 TH1     =  0.000000000000000E+000,
 TH2     =  0.000000000000000E+000,
 A1      =   4.00000000000000     ,
 A2      =   0.00000000000000     ,
 DCIR1   =  0,
 DCIR2   =  0,
 R1      =  5.000000000000000E-002,
 R2      =  5.000000000000000E-002,
 F10     =  0.05     ,
 F20     =  0.05     ,
 F30     =  0.2     ,
 P10     =  0     ,
 P20     =  0     ,
 P30     =  0     ,
 DT      =  2.000000000000000E-002,
 DZ      =  0.01,
 PITCH   =   1.20000000000000     ,
 FTOL    =  1.000000000000000E-004,
 PTOL    =  1.000000000000000E-004,
 WC      = T,
 FOK     = T,
 INHARM  =           1,
 UKV     =   100.0000000000000     ,
 W_OP    =   169.82     ,
 LENSM   = T,
 BTOD    = F,
 B1      =  0.514000000000000     ,
 B2      =  0.514000000000000     ,
 IATOI   = T,
 IA1     =   35.0     ,
 IA2     =   35.0     ,
 DTRB    =  0.430, 0.2
 DTRH    =  -0.001
 inher   = f
 gmp     = 0.001120993533677
 METH     = 3
 /
