 &PARAM
 NE      =         199,
 TEND    =   150.000000000000     ,
 ZEX     =   18.5500000000000     ,
 Q1      =   3127.55530000000     ,
 Q2      =   3127.55530000000     ,
 Q3      =   40000.0000000000     ,
 I1      =  0.440967533067530     ,
 I2      =  0.440967533067530     ,
 TH1     =  0.000000000000000E+000,
 TH2     =  0.000000000000000E+000,
 A1      =   0     ,
 A2      =   0     , 
 DCIR1   =  2.144000000000000E-004,
 DCIR2   =  2.144000000000000E-004,
 R1      =  0,
 R2      =  0,
 F10     =  0.169121206716277     ,
 F20     =  0.169121206716277     ,
 F30     =  3.111319731405079E-002,
 P10     =   3.40156063427172     ,
 P20     =   3.40156063427172     ,
 P30     =   1.87679071766669     ,
 DT      =  5.000000000000000E-002,
 DZ      =  1.000000000000000E-002,
 PITCH   =   1.50000000000000     ,
 FTOL    =  1.000000000000000E-005,
 PTOL    =  1.000000000000000E-005,
 WC      = T,
 FOK     = T,
 INHARM  =           2,
 UKV     =   22.0000000000000     ,
 W_OP    =   28.0175000000000     ,
 LENSM   = T,
 BTOD    = F,
 B1      =  0.514000000000000     ,
 B2      =  0.514000000000000     ,
 IATOI   = T,
 IA1     =   1.60000000000000     ,
 IA2     =   1.60000000000000   
 DTRB    = 0.61, 0.63
 DTRH    = 0.001
 INHER   = F 
 GMP     = 0.048715056967419
 DP5     = T
 /
