 &PARAM
 NE      =         277,
 TEND    =   50.000000000000     ,
 !ZEX     =   5.243     ,
 ZEX     =   18.55     ,
 Q1      =   3127.55530000000     ,
 Q2      =   3127.55530000000     ,
 Q3      =   40000.0000000000     ,
 I1      =  0.440967533067530     ,
 I2      =  0.440967533067530     ,
 TH1     =  0.000000000000000E+000,
 TH2     =  0.000000000000000E+000,
 A1      =   4.00000000000000     ,
 A2      =   4.00000000000000     ,
 DCIR1   =  2.144000000000000E-004,
 DCIR2   =  0.844000000000000E-004,
 R1      =  3.500000000000000E-002,
 R2      =  3.500000000000000E-002,
 F10     =  0.001    ,
 F20     =  0.001    ,
 F30     =  0.0001   ,
 P10     =  0     ,
 P20     =  0     ,
 P30     =  0     ,
 DT      =  2.000000000000000E-003,
 DZ      =  0.01,
 PITCH   =   1.50000000000000     ,
 FTOL    =  1.000000000000000E-005,
 PTOL    =  1.000000000000000E-005,
 WC      = T,
 FOK     = T,
 INHARM  =           2,
 UKV     =   22.0000000000000     ,
 W_OP    =   28.0175000000000     ,
 LENSM   = T,
 BTOD    = F,
 B1      =  6.951262177798008E-310,
 B2      =  4.940656458412465E-324,
 IATOI   = T,
 IA1     =   1.60000000000000     ,
 IA2     =   1.60000000000000     
 dtrb    =  0.35, 0.65
 dtrh    = 0.001
 inher   = F
 SQR     = T
 METH    = 1
 NZ      = 967
 !NZ      = 0
 /
